0
1100
1800
700
1900
900
0
0
0
0
0
300
100
0
0
100
500
0
100
200
100
100
200
0
400
500
700
0
200
0
200
0
100
0
0
0
0
100
500
0
100
300
400
0
0
0
0
100
200
1700
0
100
100
700
0
0
100
0
1000
300
600
200
0
0
0
0
600
0
100
900
500
600
0
0
0
0
0
0
0
0
0
1800
0
700
200
0
2000
0
0
0
0
0
0
0
0
0
0
0
0
900
700
400
2200
0
1200
5100
1500
0
2700
3200
600
900
400
400
0
200
1200
800
700
1500
100
300
1600
2400
100
0
300
500
300
0
2200
500
600
0
0
100
400
0
0
0
0
0
0
800
3700
0
0
7500
0
100
2500
0
200
0
200
0
0
0
0
0
1400
0
0
0
600
400
200
1100
500
500
100
200
100
500
1400
100
2500
0
400
500
2100
4700
700
600
1000
300
300
0
0
1400
0
400
100
100
200
100
100
100
1100
2400
2500
400
0
0
3500
500
400
2100
800
0
0
1000
0
500
200
100
100
0
0
0
